3 0 0  | 0 0 0  | 0 0 0 
0 0 0  | 0 0 0  | 0 0 0 
0 0 0  | 0 0 0  | 0 0 0 
-----------------------

0 0 0  | 0 0 0  | 0 0 0 
0 0 0  | 0 0 0  | 0 0 0 
0 0 0  | 0 0 0  | 0 0 0 
-----------------------

0 0 0  | 0 0 0  | 0 0 0 
0 0 0  | 0 0 0  | 0 0 0 
0 0 0  | 0 0 0  | 0 0 0 


***************************************************
3 6 8  | 9 5 1  | 7 2 4 
1 9 4  | 7 3 2  | 8 6 5 
2 5 7  | 4 6 8  | 3 9 1 
-----------------------

4 3 6  | 2 8 9  | 5 1 7 
5 8 1  | 6 7 4  | 9 3 2 
7 2 9  | 5 1 3  | 6 4 8 
-----------------------

6 4 2  | 8 9 7  | 1 5 3 
9 7 3  | 1 4 5  | 2 8 6 
8 1 5  | 3 2 6  | 4 7 9 


***************************************************
